100
5579 763362 2
2433 588437 7
2035 587687 6
873 84000 1
938 717057 3
8129 512819 4
9385 146808 1
2789 205886 5
8989 909410 5
8892 186601 5
6673 645665 9
3901 458931 4
5811 811662 1
3748 207521 4
400 793131 4
5272 393026 2
4945 279540 7
352 116029 3
5630 555906 6
8621 305784 1
2428 914457 2
10 22322 2
9974 603759 9
9352 507517 9
121 132 1
3976 759716 7
22322 22322 1
6311 744038 5
100000 1000000000000000000 3
8145 485026 9
2590 45700 5
9046 160519 7
121 121 11
9628 221919 9
4609 64949 8
999 99999 78788
1363 123520 8
0 132 1
6916 519450 6
1033 109791 2
9523 81976 5
2965 769993 4
4401 792858 5
1925 194236 4
1209 371972 7
646 753992 3
2499 989424 7
9325 343906 8
5759 165757 6
1002 914907 8
7977 626769 9
9151 163110 6
0 100 2
39 1000000 3
490 499674 1
1056 45030 4
21345 4441283 13
8764 690922 4
3491 376189 1
2675 641763 3
7998 968182 1
7597 115191 5
2519 171840 3
1616 875376 6
2871 611476 1
5230 55195 9
1516 476245 5
1396 974496 5
573 319349 5
9705 834597 8
34432 9999920 222
3286 977701 4
701 837097 8
6153 882984 8
3825 934105 6
2851 217912 4
3376 156586 6
4131 988357 1
1000000000 1000000000000000000 1
121 131 1
9929 160753 4
852 514597 2
1813 539974 3
4017 755925 4
332 539995 7
8135 346033 4
9286 976503 2
5992 237133 9
2228 961000 6
886 56750 8
981 265444 4
8439 865622 9
1712 931656 3
4153 196591 1
0 1000000000000000000 1000000000
0 1000000000000000000 1
4766 385349 3
7668 468727 8
7243 39232 6
6574 530230 2
